YOLO11x summary (fused): 190 layers, 56,865,139 parameters, 0 gradients, 194.6 GFLOPs
                 Class     Images  Instances      Box(P          R      mAP50  mAP50-95): 100%|██████████| 4/4 [00:01<00:00,  3.78it/s]
                   all         63       1795      0.917      0.919      0.941       0.53
               Class_1         37         37      0.899      0.919      0.945      0.583
               Class_2         52         52      0.834      0.942       0.91      0.564
               Class_3         55         56      0.877      0.892       0.91      0.569
               Class_4         56         56      0.855      0.875      0.942       0.56
               Class_5         56         56      0.913      0.946      0.981      0.502
               Class_6         62         62      0.968      0.967      0.993      0.565
               Class_7         59         59      0.936      0.988      0.992      0.545
               Class_8         62         62      0.958      0.984       0.99      0.584
               Class_9         62         62      0.984      0.964      0.993      0.578
              Class_10         61         61      0.951      0.951       0.97      0.533
              Class_11         61         61      0.944      0.934      0.973      0.506
              Class_12         55         56      0.927      0.913       0.94      0.451
              Class_13         57         58      0.961      0.844      0.931      0.479
              Class_14         52         52      0.848      0.865      0.925      0.543
              Class_15         55         55       0.87      0.855      0.935      0.535
              Class_16         42         42      0.946       0.83       0.95        0.5
              Class_17         42         42      0.952      0.952      0.977      0.541
              Class_18         55         55      0.908      0.873      0.925      0.577
              Class_19         49         49      0.941      0.898      0.934      0.534
              Class_20         59         59       0.88      0.872      0.835      0.444
              Class_21         60         60      0.934      0.938      0.939      0.537
              Class_22         62         62      0.944      0.952      0.973      0.548
              Class_23         63         63      0.946      0.952      0.959      0.528
              Class_24         62         63       0.94      0.937      0.937      0.528
              Class_25         63         64      0.915      0.922      0.949      0.565
              Class_26         62         63      0.934      0.921      0.931      0.502
              Class_27         62         63       0.93      0.921      0.941      0.534
              Class_28         60         61      0.919      0.926      0.924      0.506
              Class_29         56         57      0.903      0.912      0.923      0.486
              Class_30         47         49       0.89      0.898       0.89      0.513
              Class_31         55         56      0.877      0.929      0.916      0.527
              Class_32         42         42      0.867      0.929      0.893      0.497

best epoch 47 